{'action_mismatch': 16,
 'input_mismatch': 4,
 'invalid_format': 0,
 'invalid_param': 0,
 'mae': (126.14285714285714, 154.0300751879699)}
