{'action_mismatch': 1,
 'input_mismatch': 3,
 'invalid_format': 0,
 'invalid_param': 0,
 'mae': (66.19424460431655, 51.81294964028777)}
